news : 18.34198572355613
editorial : 17.721388054721388
reviews : 19.620217018846372
religion : 19.928321678321677
hobbies : 16.78917243024088
lore : 19.497848801475108
belles_lettres : 20.743792481620197
government : 20.13291556728232
learned : 20.541505042668735
fiction : 13.439162155801364
mystery : 12.001286670097787
science_fiction : 12.413502109704641
adventure : 12.226439508302782
romance : 12.833897540058677
humor : 16.88983855650522
corpus : 17.236327171259155
