news : 4.779609646795212
editorial : 4.733708647926042
reviews : 4.772784165332557
religion : 4.675497850688657
hobbies : 4.708510305836897
lore : 4.684739778709454
belles_lettres : 4.712903398376376
government : 5.060842357027013
learned : 4.949303824558753
fiction : 4.299896677932858
mystery : 4.217445375989022
science_fiction : 4.472297756628144
adventure : 4.245687374325326
romance : 4.228656338473983
humor : 4.479167838065786
corpus : 4.668020126860333
news : 4.779609646795212
editorial : 4.733708647926042
reviews : 4.772784165332557
religion : 4.675497850688657
hobbies : 4.708510305836897
lore : 4.684739778709454
belles_lettres : 4.712903398376376
government : 5.060842357027013
learned : 4.949303824558753
fiction : 4.299896677932858
mystery : 4.217445375989022
science_fiction : 4.472297756628144
adventure : 4.245687374325326
romance : 4.228656338473983
humor : 4.479167838065786
corpus : 4.668020126860333
